 iqin:           0
 etot:   1.0000000000000000
 xin:   0.0000000000000000
 yin:   0.0000000000000000
 zin:  -6.0000000000000000
 uin:   0.0000000000000000
 vin:   0.0000000000000000
 win:   1.0000000000000000
 irinn:           0
 irin:           0
 wtin:   1.0000000000000000